# Arduino aliases for atmega168/328/328p boards
[board_pins arduino-standard]
aliases:
    ar0=PD0, ar1=PD1, ar2=PD2, ar3=PD3, ar4=PD4,
    ar5=PD5, ar6=PD6, ar7=PD7, ar8=PB0, ar9=PB1,
    ar10=PB2, ar11=PB3, ar12=PB4, ar13=PB5, ar14=PC0,
    ar15=PC1, ar16=PC2, ar17=PC3, ar18=PC4, ar19=PC5,
    analog0=PC0, analog1=PC1, analog2=PC2, analog3=PC3, analog4=PC4,
    analog5=PC5, analog6=PE2, analog7=PE3


[stepper_a]
step_pin: ar2
dir_pin: ar5
microsteps: 16
rotation_distance: 28
endstop_pin: ^!ar9
homing_speed: 20
min_x:-198.79777970988263
min_y:-114.77595162980066
min_z:481.0921211188171
max_x:-68.88844059282823
max_y:-39.772759720322924
max_z:286.23451895112237
position_endstop:0
position_max:245.90933351335684
arm_length:365

[stepper_b]
step_pin: ar3
dir_pin: ar6
microsteps: 16
rotation_distance: 28
endstop_pin: ^ar10
homing_speed: 20
min_x:198.79777970988263
min_y:-114.77595162980066
min_z:481.0921211188171
max_x:68.88844059282823
max_y:-39.772759720322924
max_z:286.23451895112237
position_endstop:0
position_max:245.90933351335684

[stepper_c]
step_pin: ar4
dir_pin: ar7
microsteps: 16
rotation_distance: 28
endstop_pin: ^!ar11
homing_speed: 20
min_x:0.0
min_y:229.55190325960132
min_z:481.0921211188171
max_x:0.0
max_y:79.54551944064585
max_z:286.23451895112237
position_endstop:0
position_max:245.90933351335684

[mcu]
serial: /dev/ttyACM0

[printer]
kinematics: convergent_delta
max_velocity: 1000
max_accel: 3000
max_z_velocity: 500
work_radius:170
work_height:130