# Arduino aliases for atmega168/328/328p boards
[board_pins arduino-standard]
aliases:
    ar0=PD0, ar1=PD1, ar2=PD2, ar3=PD3, ar4=PD4,
    ar5=PD5, ar6=PD6, ar7=PD7, ar8=PB0, ar9=PB1,
    ar10=PB2, ar11=PB3, ar12=PB4, ar13=PB5, ar14=PC0,
    ar15=PC1, ar16=PC2, ar17=PC3, ar18=PC4, ar19=PC5,
    analog0=PC0, analog1=PC1, analog2=PC2, analog3=PC3, analog4=PC4,
    analog5=PC5, analog6=PE2, analog7=PE3


[stepper_a]
step_pin: ar2
dir_pin: ar5
microsteps: 16
rotation_distance: 20
endstop_pin: ^!ar9
homing_speed: 20
min_x:-206.48361362798437
min_y:-119.21336991136346
min_z:474.2600441302426
max_x:-76.57427451092997
max_y:-44.210178001885716
max_z:279.40244196254787
position_endstop:0
position_max:245.90933351335684
arm_length:365

[stepper_b]
step_pin: ar3
dir_pin: ar6
microsteps: 16
rotation_distance: 20
endstop_pin: ^ar10
homing_speed: 20
min_x:206.48361362798437
min_y:-119.21336991136346
min_z:474.2600441302426
max_x:76.57427451092997
max_y:-44.210178001885716
max_z:279.40244196254787
position_endstop:0
position_max:245.90933351335684


[stepper_c]
step_pin: ar4
dir_pin: ar7
microsteps: 16
rotation_distance: 20
endstop_pin: ^!ar11
homing_speed: 20
min_x:0.0
min_y:238.42673982272692
min_z:474.2600441302426
max_x:0.0
max_y:88.42035600377143
max_z:279.40244196254787
position_endstop:0
position_max:245.90933351335687

[mcu]
serial: /dev/ttyACM0

[printer]
kinematics: convergent_delta
max_velocity: 500
max_accel: 30000
max_z_velocity: 500
work_radius:170
work_height:130